Violet
    [58.0, 8.0, 67.0],
    [58.0, 19.0, 98.0],
    [45.0, 145.0, 107.0],
    [4.0, 173.0, 66.0],
    [191.0, 173.0, 71.0]

Clemson Purple
    [82.0, 45.0, 128.0],
    [134.0, 137.0, 140.0],
    [58.0, 73.0, 88.0],
    [246.0, 103.0, 51.0]

Meredith 1
    [134.0, 203.0, 252.0],
    [18.0, 108.0, 161.0],
    [12.0, 38.0, 79.0],
    [78.0, 67.0, 61.0],
    [120.0, 160.0, 66.0],
    [205.0, 225.0, 108.0]

Original
    [82.0, 45.0, 128.0],
    [134.0, 137.0, 140.0],
    [58.0, 73.0, 88.0],
    [246.0, 103.0, 51.0]
